{
 "cells": [
  {
   "cell_type": "code",
   "execution_count": 1,
   "metadata": {},
   "outputs": [],
   "source": [
    "import numpy as np\n",
    "import pandas as pd\n",
    "import itertools\n",
    "import seaborn as sns\n",
    "from iit_tpm import make_tpm\n",
    "from grn_tpm import iit_tpm_cal"
   ]
  },
  {
   "cell_type": "markdown",
   "metadata": {},
   "source": [
    "# 不同环境状态下系统演化序列比较"
   ]
  },
  {
   "cell_type": "code",
   "execution_count": 2,
   "metadata": {},
   "outputs": [],
   "source": [
    "w1 = {\n",
    "    'w1': 0.7,\n",
    "    'w2': 0.2,\n",
    "    'w3': -0.8,\n",
    "    'w4': 0.5,\n",
    "    'w5': -0.03,\n",
    "    'w6': -0.02\n",
    "}\n",
    "\n",
    "bnet = {\n",
    "    ('A', 'B'): 'w1',\n",
    "    ('B', 'A'): 'w1',\n",
    "    ('A', 'C'): 'w2',\n",
    "    ('C', 'A'): 'w2',\n",
    "    ('B', 'C'): 'w3',\n",
    "    ('C', 'B'): 'w3',\n",
    "    ('A', 'A'): 'w4',\n",
    "    ('B', 'B'): 'w4',\n",
    "    ('C', 'C'): 'w4',\n",
    "    ('E1', 'A'): 'w5',\n",
    "    ('E1', 'B'): 'w5',\n",
    "    ('E1', 'C'): 'w5',\n",
    "    ('E2', 'A'): 'w6',\n",
    "    ('E2', 'B'): 'w6',\n",
    "    ('E2', 'C'): 'w6',\n",
    "}"
   ]
  },
  {
   "cell_type": "code",
   "execution_count": 3,
   "metadata": {},
   "outputs": [
    {
     "name": "stdout",
     "output_type": "stream",
     "text": [
      "un:  0.08329894433977869\n",
      "un_en:  0.16450925694093038\n",
      "syn:  0.0031829001159548315\n"
     ]
    },
    {
     "data": {
      "text/plain": [
       "(0.08329894433977869,\n",
       " 0.16450925694093038,\n",
       " 0.0031829001159548315,\n",
       " {'00': array([[0.18367033, 0.04761474, 0.18367033, 0.04761474, 0.21339448,\n",
       "          0.05532044, 0.21339448, 0.05532044],\n",
       "         [0.10731125, 0.07562096, 0.10731125, 0.07562096, 0.18599754,\n",
       "          0.13107025, 0.18599754, 0.13107025],\n",
       "         [0.19190522, 0.04685237, 0.19190522, 0.04685237, 0.20997775,\n",
       "          0.05126466, 0.20997775, 0.05126466],\n",
       "         [0.11417471, 0.07577207, 0.11417471, 0.07577207, 0.18636923,\n",
       "          0.12368399, 0.18636923, 0.12368399],\n",
       "         [0.08671016, 0.03353438, 0.08671016, 0.03353438, 0.27384743,\n",
       "          0.10590803, 0.27384743, 0.10590803],\n",
       "         [0.04267751, 0.04486563, 0.04267751, 0.04486563, 0.2010738 ,\n",
       "          0.21138307, 0.2010738 , 0.21138307],\n",
       "         [0.09222063, 0.03358851, 0.09222063, 0.03358851, 0.27428944,\n",
       "          0.09990142, 0.27428944, 0.09990142],\n",
       "         [0.04621033, 0.04575053, 0.04621033, 0.04575053, 0.20503966,\n",
       "          0.20299948, 0.20503966, 0.20299948]]),\n",
       "  '01': array([[0.189151  , 0.04711284, 0.189151  , 0.04711284, 0.21114512,\n",
       "          0.05259103, 0.21114512, 0.05259103],\n",
       "         [0.1118607 , 0.07573606, 0.1118607 , 0.07573606, 0.18628065,\n",
       "          0.12612259, 0.18628065, 0.12612259],\n",
       "         [0.19743817, 0.04631313, 0.19743817, 0.04631313, 0.20756104,\n",
       "          0.04868765, 0.20756104, 0.04868765],\n",
       "         [0.11887948, 0.0758009 , 0.11887948, 0.0758009 , 0.18644014,\n",
       "          0.11887948, 0.18644014, 0.11887948],\n",
       "         [0.09035984, 0.03357561, 0.09035984, 0.03357561, 0.27418413,\n",
       "          0.10188043, 0.27418413, 0.10188043],\n",
       "         [0.04500853, 0.04546087, 0.04500853, 0.04546087, 0.20374148,\n",
       "          0.20578912, 0.20374148, 0.20578912],\n",
       "         [0.09601372, 0.03359883, 0.09601372, 0.03359883, 0.27437373,\n",
       "          0.09601372, 0.27437373, 0.09601372],\n",
       "         [0.04868765, 0.04631313, 0.04868765, 0.04631313, 0.20756104,\n",
       "          0.19743817, 0.20756104, 0.19743817]]),\n",
       "  '10': array([[0.19743817, 0.20756104, 0.19743817, 0.20756104, 0.04631313,\n",
       "          0.04868765, 0.04631313, 0.04868765],\n",
       "         [0.09601372, 0.27437373, 0.09601372, 0.27437373, 0.03359883,\n",
       "          0.09601372, 0.03359883, 0.09601372],\n",
       "         [0.20578912, 0.20374148, 0.20578912, 0.20374148, 0.04546087,\n",
       "          0.04500853, 0.04546087, 0.04500853],\n",
       "         [0.10188043, 0.27418413, 0.10188043, 0.27418413, 0.03357561,\n",
       "          0.09035984, 0.03357561, 0.09035984],\n",
       "         [0.11887948, 0.18644014, 0.11887948, 0.18644014, 0.0758009 ,\n",
       "          0.11887948, 0.0758009 , 0.11887948],\n",
       "         [0.04868765, 0.20756104, 0.04868765, 0.20756104, 0.04631313,\n",
       "          0.19743817, 0.04631313, 0.19743817],\n",
       "         [0.12612259, 0.18628065, 0.12612259, 0.18628065, 0.07573606,\n",
       "          0.1118607 , 0.07573606, 0.1118607 ],\n",
       "         [0.05259103, 0.21114512, 0.05259103, 0.21114512, 0.04711284,\n",
       "          0.189151  , 0.04711284, 0.189151  ]]),\n",
       "  '11': array([[0.20299948, 0.20503966, 0.20299948, 0.20503966, 0.04575053,\n",
       "          0.04621033, 0.04575053, 0.04621033],\n",
       "         [0.09990142, 0.27428944, 0.09990142, 0.27428944, 0.03358851,\n",
       "          0.09222063, 0.03358851, 0.09222063],\n",
       "         [0.21138307, 0.2010738 , 0.21138307, 0.2010738 , 0.04486563,\n",
       "          0.04267751, 0.04486563, 0.04267751],\n",
       "         [0.10590803, 0.27384743, 0.10590803, 0.27384743, 0.03353438,\n",
       "          0.08671016, 0.03353438, 0.08671016],\n",
       "         [0.12368399, 0.18636923, 0.12368399, 0.18636923, 0.07577207,\n",
       "          0.11417471, 0.07577207, 0.11417471],\n",
       "         [0.05126466, 0.20997775, 0.05126466, 0.20997775, 0.04685237,\n",
       "          0.19190522, 0.04685237, 0.19190522],\n",
       "         [0.13107025, 0.18599754, 0.13107025, 0.18599754, 0.07562096,\n",
       "          0.10731125, 0.07562096, 0.10731125],\n",
       "         [0.05532044, 0.21339448, 0.05532044, 0.21339448, 0.04761474,\n",
       "          0.18367033, 0.04761474, 0.18367033]])})"
      ]
     },
     "execution_count": 3,
     "metadata": {},
     "output_type": "execute_result"
    }
   ],
   "source": [
    "tpm, tpm_v = make_tpm(bnet, w1, k=1)\n",
    "un, en, iit_tpm_cal(tpm_v, mech_size=3, en_size=2)"
   ]
  },
  {
   "cell_type": "code",
   "execution_count": null,
   "metadata": {},
   "outputs": [],
   "source": []
  }
 ],
 "metadata": {
  "kernelspec": {
   "display_name": "Python 3",
   "language": "python",
   "name": "python3"
  },
  "language_info": {
   "codemirror_mode": {
    "name": "ipython",
    "version": 3
   },
   "file_extension": ".py",
   "mimetype": "text/x-python",
   "name": "python",
   "nbconvert_exporter": "python",
   "pygments_lexer": "ipython3",
   "version": "3.8.3"
  }
 },
 "nbformat": 4,
 "nbformat_minor": 4
}
